       0          71.99368194         625.55751531       -4527.08079059       -3901.52327528
      10          68.60831055         596.14181574       -4497.58079022       -3901.43897448
      20          64.89174443         563.84834495       -4465.41237132       -3901.56402636
      30          64.77953782         562.87337480       -4464.45884194       -3901.58546713
      40          65.07687769         565.45697914       -4467.29673080       -3901.83975166
      50          61.95477884         538.32887087       -4440.15998157       -3901.83111070
      60          61.17560496         531.55858133       -4433.35990750       -3901.80132617
      70          66.08899040         574.25128854       -4476.05681155       -3901.80552301
      80          68.51477502         595.32907983       -4497.18784673       -3901.85876690
      90          66.90889324         581.37547458       -4483.37712619       -3902.00165161
     100          64.68929357         562.08923704       -4464.30520705       -3902.21597001
     110          63.11436604         548.40459518       -4450.24246785       -3901.83787268
     120          61.89644166         537.82197560       -4439.77412657       -3901.95215097
     130          58.55927898         508.82516452       -4410.96928146       -3902.14411694
     140          55.58838766         483.01090767       -4385.21546423       -3902.20455656
     150          57.82436950         502.43949097       -4404.76983488       -3902.33034391
     160          60.49422575         525.63803555       -4428.10289981       -3902.46486427
     170          59.00811021         512.72508659       -4415.25612699       -3902.53104041
     180          58.15334684         505.29799524       -4407.88223085       -3902.58423561
     190          58.83707175         511.23892294       -4413.95129676       -3902.71237382
     200          59.26277240         514.93786197       -4417.65812232       -3902.72026036
     210          57.92442378         503.30886873       -4406.11521046       -3902.80634173
     220          54.62166017         474.61095326       -4377.16059324       -3902.54963998
     230          54.11389840         470.19898015       -4372.47876172       -3902.27978157
     240          58.39615070         507.40773288       -4409.46238046       -3902.05464758
     250          62.82085990         545.85430229       -4447.81584048       -3901.96153819
     260          64.22499223         558.05489419       -4460.17622068       -3902.12132649
     270          62.38624993         542.07794967       -4444.16080276       -3902.08285308
     280          58.13873976         505.17107344       -4407.56868753       -3902.39761409
     290          55.29767607         480.48489690       -4382.67955981       -3902.19466291
     300          56.62727512         492.03786456       -4394.45676628       -3902.41890171
     310          58.49331686         508.25201562       -4410.75679889       -3902.50478327
     320          57.71522386         501.49111781       -4404.10241722       -3902.61129941
     330          57.46751056         499.33872179       -4401.83889484       -3902.50017305
     340          57.23690256         497.33495474       -4399.81237675       -3902.47742201
     350          56.21443353         488.45065865       -4390.69370822       -3902.24304957
     360          56.80394801         493.57298607       -4395.85346942       -3902.28048336
     370          56.18418736         488.18784785       -4390.35173798       -3902.16389013
     380          54.09886899         470.06838868       -4372.08994511       -3902.02155642
     390          55.46016438         481.89676773       -4383.88199000       -3901.98522227
     400          59.05286056         513.11392513       -4415.00627188       -3901.89234674
     410          60.52672325         525.92040836       -4427.98398352       -3902.06357515
     420          57.71478813         501.48733176       -4403.85877300       -3902.37144124
     430          56.32921608         489.44801126       -4391.87486358       -3902.42685232
     440          57.28436459         497.74735519       -4400.02716196       -3902.27980677
     450          59.11152606         513.62367326       -4415.81379973       -3902.19012647
     460          63.41366772         551.00524579       -4453.19841976       -3902.19317397
     470          63.57500650         552.40712831       -4454.42975452       -3902.02262621
     480          58.99583340         512.61841262       -4414.50472688       -3901.88631427
     490          57.56031491         500.14510447       -4401.93320521       -3901.78810075
     500          60.11379745         522.33247075       -4424.12218240       -3901.78971165
     510          61.15255018         531.35825689       -4433.00367036       -3901.64541347
     520          62.83193251         545.95051293       -4447.53629637       -3901.58578344
     530          66.58502756         578.56138585       -4480.15844141       -3901.59705556
     540          64.58473396         561.18071212       -4462.98738261       -3901.80667049
     550          60.69276420         527.36314833       -4429.34862894       -3901.98548061
     560          60.37780027         524.62640743       -4426.79648915       -3902.17008171
     570          59.62866115         518.11709170       -4420.25288792       -3902.13579621
     580          56.62676926         492.03346908       -4394.18385716       -3902.15038808
     590          54.46021231         473.20812291       -4375.36810663       -3902.15998373
     600          56.55297946         491.39230497       -4393.60490166       -3902.21259670
     610          61.52062259         534.55646061       -4436.79316599       -3902.23670538
     620          63.45562576         551.36982176       -4453.66918258       -3902.29936082
     630          59.45963356         516.64840062       -4419.02919844       -3902.38079782
     640          54.27622965         471.60948637       -4373.83363581       -3902.22414944
     650          54.97188503         477.65407858       -4379.72921916       -3902.07514059
     660          58.10037687         504.83773594       -4406.86611219       -3902.02837625
     670          60.19755834         523.06027428       -4425.24185187       -3902.18157759
     680          61.52378108         534.58390494       -4436.60110845       -3902.01720351
     690          60.65688079         527.05135518       -4429.08619047       -3902.03483529
     700          58.48827923         508.20824330       -4410.36478330       -3902.15654000
     710          56.90425301         494.44454241       -4396.63195060       -3902.18740819
     720          57.30397633         497.91776279       -4400.10409539       -3902.18633260
     730          58.35422326         507.04342280       -4409.30401426       -3902.26059146
     740          57.75628633         501.84791214       -4404.13240746       -3902.28449532
     750          54.87545982         476.81623403       -4379.17356746       -3902.35733342
     760          52.51404137         456.29772439       -4358.43482159       -3902.13709720
     770          55.85120701         485.29456112       -4387.35586120       -3902.06130008
     780          59.35375735         515.72843574       -4417.86398183       -3902.13554609
     790          60.07990240         522.03795457       -4424.09533183       -3902.05737725
     800          58.92312910         511.98668051       -4414.21563911       -3902.22895860
     810          58.73916699         510.38822245       -4412.44182900       -3902.05360655
     820          60.41642801         524.96204628       -4426.96584094       -3902.00379466
     830          60.51487346         525.81744484       -4427.92090381       -3902.10345897
     840          57.32236090         498.07750745       -4400.08134416       -3902.00383670
     850          53.90019340         468.34208433       -4370.27449724       -3901.93241290
     860          53.72739924         466.84066529       -4368.90622206       -3902.06555677
     870          56.51322203         491.04685027       -4393.07641039       -3902.02956012
     880          58.36234125         507.11396047       -4409.17407772       -3902.06011725
     890          58.13733405         505.15885910       -4407.25969104       -3902.10083194
     900          57.71090294         501.45357308       -4403.32845420       -3901.87488112
     910          57.75901355         501.87160915       -4403.68124307       -3901.80963392
     920          56.47848676         490.74503335       -4392.69902206       -3901.95398870
     930          54.74676536         475.69799993       -4377.57490123       -3901.87690130
     940          53.41276301         464.10677176       -4365.91620352       -3901.80943176
     950          53.40632496         464.05083113       -4366.04869775       -3901.99786662
     960          54.87375697         476.80143786       -4378.84121492       -3902.03977706
     970          56.10043888         487.46015216       -4389.57235106       -3902.11219889
     980          56.48765359         490.82468453       -4393.02799549       -3902.20331096
     990          57.75602082         501.84560510       -4403.95168088       -3902.10607578
    1000          60.23235746         523.36264595       -4425.02217886       -3901.65953291
