       0          72.64160016          23.16879686        -160.48438434        -137.31558748
     100          72.64160016          23.16879686        -160.48438434        -137.31558748
     200          72.64160016          23.16879686        -160.48438434        -137.31558748
     300          72.64160016          23.16879686        -160.48438434        -137.31558748
     400          72.64160016          23.16879686        -160.48438434        -137.31558748
     500          72.64160016          23.16879686        -160.48438434        -137.31558748
     600          72.64160016          23.16879686        -160.48438434        -137.31558748
     700          72.64160016          23.16879686        -160.48438434        -137.31558748
     800          72.64160016          23.16879686        -160.48438434        -137.31558748
     900          72.64160016          23.16879686        -160.48438434        -137.31558748
    1000          72.64160016          23.16879686        -160.48438434        -137.31558748
    1100          72.64160016          23.16879686        -160.48438434        -137.31558748
    1200          72.64160016          23.16879686        -160.48438434        -137.31558748
    1300          72.64160016          23.16879686        -160.48438434        -137.31558748
    1400          72.64160016          23.16879686        -160.48438434        -137.31558748
    1500          72.64160016          23.16879686        -160.48438434        -137.31558748
    1600          72.64160016          23.16879686        -160.48438434        -137.31558748
    1700          72.64160016          23.16879686        -160.48438434        -137.31558748
    1800          72.64160016          23.16879686        -160.48438434        -137.31558748
    1900          72.64160016          23.16879686        -160.48438434        -137.31558748
    2000          72.64160016          23.16879686        -160.48438434        -137.31558748
    2100          72.64160016          23.16879686        -160.48438434        -137.31558748
    2200          72.64160016          23.16879686        -160.48438434        -137.31558748
    2300          72.64160016          23.16879686        -160.48438434        -137.31558748
    2400          72.64160016          23.16879686        -160.48438434        -137.31558748
    2500          72.64160016          23.16879686        -160.48438434        -137.31558748
    2600          72.64160016          23.16879686        -160.48438434        -137.31558748
    2700          72.64160016          23.16879686        -160.48438434        -137.31558748
    2800          72.64160016          23.16879686        -160.48438434        -137.31558748
    2900          72.64160016          23.16879686        -160.48438434        -137.31558748
    3000          72.64160016          23.16879686        -160.48438434        -137.31558748
    3100          72.64160016          23.16879686        -160.48438434        -137.31558748
    3200          72.64160016          23.16879686        -160.48438434        -137.31558748
    3300          72.64160016          23.16879686        -160.48438434        -137.31558748
    3400          72.64160016          23.16879686        -160.48438434        -137.31558748
    3500          72.64160016          23.16879686        -160.48438434        -137.31558748
    3600          72.64160016          23.16879686        -160.48438434        -137.31558748
    3700          72.64160016          23.16879686        -160.48438434        -137.31558748
    3800          72.64160016          23.16879686        -160.48438434        -137.31558748
    3900          72.64160016          23.16879686        -160.48438434        -137.31558748
    4000          72.64160016          23.16879686        -160.48438434        -137.31558748
    4100          72.64160016          23.16879686        -160.48438434        -137.31558748
    4200          72.64160016          23.16879686        -160.48438434        -137.31558748
    4300          72.64160016          23.16879686        -160.48438434        -137.31558748
    4400          72.64160016          23.16879686        -160.48438434        -137.31558748
    4500          72.64160016          23.16879686        -160.48438434        -137.31558748
    4600          72.64160016          23.16879686        -160.48438434        -137.31558748
    4700          72.64160016          23.16879686        -160.48438434        -137.31558748
    4800          72.64160016          23.16879686        -160.48438434        -137.31558748
    4900          72.64160016          23.16879686        -160.48438434        -137.31558748
    5000          72.64160016          23.16879686        -160.48438434        -137.31558748
    5100          72.64160016          23.16879686        -160.48438434        -137.31558748
    5200          72.64160016          23.16879686        -160.48438434        -137.31558748
    5300          72.64160016          23.16879686        -160.48438434        -137.31558748
    5400          72.64160016          23.16879686        -160.48438434        -137.31558748
    5500          72.64160016          23.16879686        -160.48438434        -137.31558748
    5600          72.64160016          23.16879686        -160.48438434        -137.31558748
    5700          72.64160016          23.16879686        -160.48438434        -137.31558748
    5800          72.64160016          23.16879686        -160.48438434        -137.31558748
    5900          72.64160016          23.16879686        -160.48438434        -137.31558748
    6000          72.64160016          23.16879686        -160.48438434        -137.31558748
    6100          72.64160016          23.16879686        -160.48438434        -137.31558748
    6200          72.64160016          23.16879686        -160.48438434        -137.31558748
    6300          72.64160016          23.16879686        -160.48438434        -137.31558748
    6400          72.64160016          23.16879686        -160.48438434        -137.31558748
    6500          72.64160016          23.16879686        -160.48438434        -137.31558748
    6600          72.64160016          23.16879686        -160.48438434        -137.31558748
    6700          72.64160016          23.16879686        -160.48438434        -137.31558748
    6800          72.64160016          23.16879686        -160.48438434        -137.31558748
    6900          72.64160016          23.16879686        -160.48438434        -137.31558748
    7000          72.64160016          23.16879686        -160.48438434        -137.31558748
    7100          72.64160016          23.16879686        -160.48438434        -137.31558748
    7200          72.64160016          23.16879686        -160.48438434        -137.31558748
    7300          72.64160016          23.16879686        -160.48438434        -137.31558748
    7400          72.64160016          23.16879686        -160.48438434        -137.31558748
    7500          72.64160016          23.16879686        -160.48438434        -137.31558748
    7600          72.64160016          23.16879686        -160.48438434        -137.31558748
    7700          72.64160016          23.16879686        -160.48438434        -137.31558748
    7800          72.64160016          23.16879686        -160.48438434        -137.31558748
    7900          72.64160016          23.16879686        -160.48438434        -137.31558748
    8000          72.64160016          23.16879686        -160.48438434        -137.31558748
    8100          72.64160016          23.16879686        -160.48438434        -137.31558748
    8200          72.64160016          23.16879686        -160.48438434        -137.31558748
    8300          72.64160016          23.16879686        -160.48438434        -137.31558748
    8400          72.64160016          23.16879686        -160.48438434        -137.31558748
    8500          72.64160016          23.16879686        -160.48438434        -137.31558748
    8600          72.64160016          23.16879686        -160.48438434        -137.31558748
    8700          72.64160016          23.16879686        -160.48438434        -137.31558748
    8800          72.64160016          23.16879686        -160.48438434        -137.31558748
    8900          72.64160016          23.16879686        -160.48438434        -137.31558748
    9000          72.64160016          23.16879686        -160.48438434        -137.31558748
    9100          72.64160016          23.16879686        -160.48438434        -137.31558748
    9200          72.64160016          23.16879686        -160.48438434        -137.31558748
    9300          72.64160016          23.16879686        -160.48438434        -137.31558748
    9400          72.64160016          23.16879686        -160.48438434        -137.31558748
    9500          72.64160016          23.16879686        -160.48438434        -137.31558748
    9600          72.64160016          23.16879686        -160.48438434        -137.31558748
    9700          72.64160016          23.16879686        -160.48438434        -137.31558748
    9800          72.64160016          23.16879686        -160.48438434        -137.31558748
    9900          72.64160016          23.16879686        -160.48438434        -137.31558748
   10000          72.64160016          23.16879686        -160.48438434        -137.31558748
